% Raphael Lacet

a = 3 * ((4+5)/6) + 9

b = (5 + 2)^2 + 8^2 - 3/5

c = 3 * (4/5) + 8 - (3*(2^2))

d = 1 + 5 * (3/6^2) + 2^(2-4) * (1/5.5) 