% Raphael Lacet

A = [3.4 2.1 0.5 6.5 4.2;
    4.2 7.7 3.4 4.5 3.9;
    8.9 8.3 1.5 3.4 3.9]

B = A(:,1)

C = A(2,:)

D = A(:,1:3)

E = A(2,3)

F = [A(1,3);A(2,4);A(3,5)]

F = [A(1,3),A(2,4),A(3,5)]
